111111110100001001110100011110000011100000111100000000001111111155
100000011000111110111101101111011011100110100101100000111000000155
111111110000000000111100000111000001111000101110010000101111111155
100000011100000110100101100111011011110110111101111100011000000155
100000001111111010101010101100101000000010000000120110021111111146
111111111200001010001110110010101100011010000010100011101200000046
111111112001102100000001000000010100110101010101011111110000000146
000000210111000101000001011000110101001101110001010000211111111146
111111111111111011110100111110001100110011000100111110001111110062
111111111111111111001111110011111101101110110111000000110000000162
001111110001111100100011001100110001111100101111011111111111111162
100000001100000011101101110110111111001111110011111111111111111162
11111111000001110011101101111011001111110000111102001111111111018
10000001120010011001110110011101111111011111001101111111111111118
10111111111100201111000011111100110111101101110011100000111111118
11111111111111101100111110111111101110011011100110010021100000018
111111111111102111100001111100011011110110001101100000000000002155
011111110000111100011111000110110011001100110001200000211011111155
120000000000000110110001101111011000111110000111120111111111111155
111111011200000210001100110011001101100011111000111100001111111055
111111110000011100111011011111110010101100010011000000210100000249
000000011000100100011101001011010001110100001011021111112111111149
200000101200000011001000110101001111111011011100111000001111111149
111111121111112011010000101110001011010010111000100100011000000049
111111111111000011010100110010011110010111000000120110021111111115
111111111211111110010011110001111100100110010101100000011201100115
111111112001102100000011101001111001001100101011000011111111111115
100110211000000110101001100100111110001111001001111111211111111115
11111111000010111011110111011101111111011111010111111001111111118
11111101111110011111010111111101110111111011110110000011111111118
11111111100111111010111110111111101110111011110111010000111111118
11111111110000011011110111111011101111111010111110011111101111118
